1779207816394 2.0 0
1779208638838 12.0 1000
1779210979500 65.0 2000
1779213096859 165.0 3000
1779215236442 265.0 4000
1779217416720 365.0 5000
1779219551502 465.0 6000
1779221666915 565.0 7000
1779223782063 665.0 8000
1779225899385 765.0 9000
1779228015401 865.0 10000
1779230145391 965.0 11000
1779232294555 1065.0 12000
1779234438709 1165.0 13000
1779236583241 1265.0 14000
1779238714507 1365.0 15000
1779240842037 1465.0 16000
1779242968474 1565.0 17000
1779245183293 1665.0 18000
1779247326193 1765.0 19000
1779249419246 1865.0 20000
