1779207816394 0.0 0
1779208638838 1000.0 1000
1779210979500 2000.0 2000
1779213096859 3000.0 3000
1779215236442 4000.0 4000
1779217416720 5000.0 5000
1779219551502 6000.0 6000
1779221666915 7000.0 7000
1779223782063 8000.0 8000
1779225899385 9000.0 9000
1779228015401 10000.0 10000
1779230145391 11000.0 11000
1779232294555 12000.0 12000
1779234438709 13000.0 13000
1779236583241 14000.0 14000
1779238714507 15000.0 15000
1779240842037 16000.0 16000
1779242968474 17000.0 17000
1779245183293 18000.0 18000
1779247326193 19000.0 19000
1779249419246 20000.0 20000
