1779207816394 0.004687500186264515 0
1779208638838 0.651562511920929 1000
1779210979500 0.675000011920929 2000
1779213096859 0.8453124761581421 3000
1779215236442 0.7984374761581421 4000
1779217416720 0.7953125238418579 5000
1779219551502 0.7828124761581421 6000
1779221666915 0.793749988079071 7000
1779223782063 0.770312488079071 8000
1779225899385 0.7906249761581421 9000
1779228015401 0.770312488079071 10000
1779230145391 0.7593749761581421 11000
1779232294555 0.768750011920929 12000
1779234438709 0.792187511920929 13000
1779236583241 0.7671874761581421 14000
1779238714507 0.7671874761581421 15000
1779240842037 0.7734375 16000
1779242968474 0.7124999761581421 17000
1779245183293 0.7265625 18000
1779247326193 0.7203124761581421 19000
1779249419246 0.7171875238418579 20000
