1779252257974 2.0 0
1779253304979 18.0 1000
1779255527869 59.0 2000
1779257885717 159.0 3000
1779260145276 259.0 4000
1779277083012 359.0 5000
1779279305539 459.0 6000
1779281526488 559.0 7000
1779283744918 659.0 8000
1779285965080 759.0 9000
1779288194200 859.0 10000
1779290417615 959.0 11000
1779292650251 1059.0 12000
1779294886296 1159.0 13000
1779297113609 1259.0 14000
1779299343660 1359.0 15000
1779301565610 1459.0 16000
1779303787017 1559.0 17000
1779306002066 1659.0 18000
1779308212580 1759.0 19000
1779310409097 1859.0 20000
