1779252257974 0.0 0
1779253304979 1000.0 1000
1779255527869 2000.0 2000
1779257885717 3000.0 3000
1779260145276 4000.0 4000
1779277083012 5000.0 5000
1779279305539 6000.0 6000
1779281526488 7000.0 7000
1779283744918 8000.0 8000
1779285965080 9000.0 9000
1779288194200 10000.0 10000
1779290417615 11000.0 11000
1779292650251 12000.0 12000
1779294886296 13000.0 13000
1779297113609 14000.0 14000
1779299343660 15000.0 15000
1779301565610 16000.0 16000
1779303787017 17000.0 17000
1779306002066 18000.0 18000
1779308212580 19000.0 19000
1779310409097 20000.0 20000
