1779252257974 0.004687500186264515 0
1779253304979 0.5140625238418579 1000
1779255527869 0.6499999761581421 2000
1779257885717 0.8125 3000
1779260145276 0.8265625238418579 4000
1779277083012 0.870312511920929 5000
1779279305539 0.8265625238418579 6000
1779281526488 0.846875011920929 7000
1779283744918 0.859375 8000
1779285965080 0.8453124761581421 9000
1779288194200 0.893750011920929 10000
1779290417615 0.862500011920929 11000
1779292650251 0.8671875 12000
1779294886296 0.8500000238418579 13000
1779297113609 0.8812500238418579 14000
1779299343660 0.8671875 15000
1779301565610 0.890625 16000
1779303787017 0.870312511920929 17000
1779306002066 0.893750011920929 18000
1779308212580 0.885937511920929 19000
1779310409097 0.879687488079071 20000
