1779113885084 2.0 0
1779114814367 13.0 1000
1779117234873 102.0 2000
1779119410056 202.0 3000
1779121607698 302.0 4000
1779123800888 402.0 5000
1779125948750 502.0 6000
1779128093640 602.0 7000
1779130242225 702.0 8000
1779132295349 802.0 9000
1779134335100 902.0 10000
1779136374239 1002.0 11000
1779138403597 1102.0 12000
1779140445328 1202.0 13000
1779142478110 1302.0 14000
1779144511559 1402.0 15000
1779146541874 1502.0 16000
1779148574390 1602.0 17000
1779150651323 1702.0 18000
1779158678522 1802.0 19000
1779160763812 1902.0 20000
