1779113885084 0.0 0
1779114814367 1000.0 1000
1779117234873 2000.0 2000
1779119410056 3000.0 3000
1779121607698 4000.0 4000
1779123800888 5000.0 5000
1779125948750 6000.0 6000
1779128093640 7000.0 7000
1779130242225 8000.0 8000
1779132295349 9000.0 9000
1779134335100 10000.0 10000
1779136374239 11000.0 11000
1779138403597 12000.0 12000
1779140445328 13000.0 13000
1779142478110 14000.0 14000
1779144511559 15000.0 15000
1779146541874 16000.0 16000
1779148574390 17000.0 17000
1779150651323 18000.0 18000
1779158678522 19000.0 19000
1779160763812 20000.0 20000
