1779113885084 0.0 0
1779114814367 0.676562488079071 1000
1779117234873 0.776562511920929 2000
1779119410056 0.859375 3000
1779121607698 0.815625011920929 4000
1779123800888 0.846875011920929 5000
1779125948750 0.8031250238418579 6000
1779128093640 0.823437511920929 7000
1779130242225 0.778124988079071 8000
1779132295349 0.796875 9000
1779134335100 0.8140624761581421 10000
1779136374239 0.7593749761581421 11000
1779138403597 0.770312488079071 12000
1779140445328 0.78125 13000
1779142478110 0.7203124761581421 14000
1779144511559 0.6953125 15000
1779146541874 0.721875011920929 16000
1779148574390 0.754687488079071 17000
1779150651323 0.715624988079071 18000
1779158678522 0.714062511920929 19000
1779160763812 0.690625011920929 20000
